L1:00000000 11001100 00000000 11111111 
R1:01000101 01010110 01001101 01000101 

L2:01000101 01010110 01001101 01000101 
R2:01000111 11010110 11001001 11001000 

L3:01000111 11010110 11001001 11001000 
R3:11101001 00000110 11011101 00110011 

L4:11101001 00000110 11011101 00110011 
R4:11001011 11101001 01001111 11110011 

L5:11001011 11101001 01001111 11110011 
R5:00001100 01101111 11110000 10111011 

L6:00001100 01101111 11110000 10111011 
R6:01111110 01010011 01010110 00100001 

L7:01111110 01010011 01010110 00100001 
R7:01000010 01100000 10011000 11010101 

L8:01000010 01100000 10011000 11010101 
R8:11001001 00111100 00101011 00111000 

L9:11001001 00111100 00101011 00111000 
R9:11111101 01011011 10010011 11100010 

L10:11111101 01011011 10010011 11100010 
R10:10101011 00110110 10000001 00100000 

L11:10101011 00110110 10000001 00100000 
R11:00011010 10010101 00111011 01010010 

L12:00011010 10010101 00111011 01010010 
R12:11011011 10000001 01110000 00000011 

L13:11011011 10000001 01110000 00000011 
R13:11110111 11000100 11101011 10101101 

L14:11110111 11000100 11101011 10101101 
R14:10010001 11001110 00100110 11001001 

L15:10010001 11001110 00100110 11001001 
R15:00110101 01111101 10001011 00001111 

L16:00100100 00110001 11101011 10100100 
R16:00110101 01111101 10001011 00001111 
 
10111110 00001110 11100011 00101110 10110000 11110101 00100100 00001101 







01010000 00101100 10101100 01010111 00101010 11000010 
01010000 10101100 10100100 01010000 10100011 01000111 
11010000 10101100 00100110 11110110 10000100 10001100 
11100000 10100110 00100110 01001000 00110111 11001011 
11100000 10010110 00100110 00111110 11110000 00101001 
11100000 10010010 01110010 01100010 01011101 01100010 
10100100 11010010 01110010 10001100 10101001 00111010 
10100110 01010011 01010010 11100101 01011110 01010000 
00100110 01010011 01010011 11001011 10011010 01000000 
00101111 01010001 01010001 11010000 11000111 00111100 
00001111 01000001 11011001 00011001 00011110 10001100 
00011111 01000001 10011001 11011000 01110000 10110001 
00011111 00001001 10001001 00100011 01101010 00101101 
00011011 00101000 10001101 10110010 00111001 10010010 
00011001 00101100 10001100 10100101 00000011 00110111 
01010001 00101100 10001100 10100111 01000011 11000000 
